9461
4994
6097
8640
8003
4079
9085
3343
2480
8696
7287
1201
2346
317
3661
2735
3345
7154
8613
2162
9982
7929
9428
1308
3975
75
9136
2935
8624
8139
1717
6208
2739
8478
2304
4682
1884
7519
5486
2303
6480
7551
3080
6688
9285
7619
4346
9252
9591
8595
4653
6763
5888
2990
1386
9525
9669
9097
4532
5921
7428
5536
3488
443
9716
2849
7181
2854
156
1516
2313
7158
5022
9758
8727
7448
8248
1179
2638
3509
7318
979
5195
7248
6596
8573
5361
3977
3248
6322
7429
4407
9489
8553
2794
4779
1855
5046
5237
393
9099
6524
4317
6723
3899
7365
2423
814
382
896
3629
146
8614
8455
852
2247
459
9491
6989
8487
284
3367
6279
6458
6364
535
7822
8373
6100
2403
6849
4071
8669
9887
4258
9792
642
6048
2148
7915
252
3553
9100
2137
2985
8755
1071
1536
9785
6243
8429
6947
8449
6556
5050
138
9403
9873
633
6038
3097
5973
8539
2786
6048
9550
6657
5802
1209
4961
1558
1586
9296
5661
4976
5335
5967
5904
4507
5465
8068
2614
201
4913
355
1463
7884
1971
5653
1936
8557
5312
7585
7922
1541
2807
9814
165
7369
140
3868
1650
1082
1242
6640
5774
5581
6546
4457
5413
7013
2901
4333
6683
2000
3797
6849
2629
8681
1366
1030
8276
7319
2337
5064
2946
7839
2959
707
5448
5832
3369
624
1843
9089
6445
1224
3203
336
5576
8229
8419
4128
1876
542
9140
3651
3817
6962
6726
3347
5935
901
594
567
3136
9994
124
1713
9358
3729
6085
7279
9920
51
1244
6338
7904
5573
8391
4390
2191
6967
5976
3652
4879
9858
1672
7595
5672
264
6099
5100
8445
717
3068
934
5678
8335
7653
2411
934
3863
716
5299
5199
1925
1534
2258
8085
8931
4956
8970
5780
3567
2564
114
5603
20
8195
6148
2193
6879
8130
7653
4160
9420
9605
8799
4966
6974
8044
8312
3001
4879
1395
5519
5690
4938
9199
7165
732
4389
4698
1632
3890
7153
2521
9373
1925
979
5350
368
3549
6961
866
2435
1759
1068
3569
7931
4390
3512
9752
1
8252
5571
3607
5397
4206
1034
9434
9018
3726
7510
234
7544
1160
1301
4398
3821
7174
4705
7476
3501
7992
8993
5890
2633
9968
6385
7905
2009
4350
2368
7155
1436
9969
6768
624
120
6630
8825
2270
8650
3504
5212
3529
5747
2879
1543
8354
8242
699
9155
6355
2160
9222
1083
5198
9356
8100
2432
3552
7209
2240
9312
1311
4500
7079
1495
7239
8801
3622
4934
5679
7922
3171
266
8427
5928
2215
5208
3741
3647
1313
3262
8935
457
6573
43
2120
8720
5720
9042
9462
2920
5713
5139
5398
6776
234
3135
5804
4704
2175
8420
6694
5175
6256
998
9932
3369
7373
7937
5865
5188
3313
470
6698
9961
632
5043
4639
6176
1779
8782
12
9728
8818
1550
1815
6981
2077
9739
5161
6773
4463
5895
4646
9536
3326
1002
1311
2564
7123
8420
820
8118
3391
6187
4906
3610
5575
2768
7127
3932
8566
1679
6910
9901
1330
9787
6149
1953
420
7281
7546
2087
456
9980
7312
6987
9461
1029
8295
239
819
6835
6074
8034
5283
6564
1360
317
6005
4809
7068
6549
4038
4621
3720
8452
2775
4031
6994
1632
3451
675
2073
8708
4838
3001
8404
4348
7412
7228
245
5021
956
6540
4695
1117
9215
8398
2595
3998
161
5864
6691
4932
7705
7850
2927
931
4532
4418
8180
3581
5620
8316
3248
2839
5390
3844
7317
7869
3499
5295
8592
9877
7059
9766
1263
1046
5417
7268
1397
7467
2647
81
6857
4908
7101
5635
2472
5274
905
3258
4709
6846
7187
1396
1584
6675
156
3431
177
1196
4543
804
514
4438
6967
1407
6345
1946
8259
9508
4064
2882
3238
8131
7071
6112
2025
7762
4609
1088
6901
84
5395
6344
2080
5314
9703
3551
5340
6137
4847
6265
8238
1928
827
6793
829
3306
2652
2200
7853
5925
7749
279
1387
1450
8271
4653
2042
6842
4104
2932
9385
832
7687
7856
7593
8386
5215
4549
7412
8800
8579
3498
7923
1225
5923
8919
347
7884
3276
5959
7213
8353
2534
1272
1651
1862
4980
2671
2730
8992
889
204
9271
2541
1083
7901
5292
1474
9461
8803
9471
5660
8368
3959
796
8247
1524
8146
3807
4462
7971
7719
5167
6967
2795
3163
3437
3825
4842
3410
4908
9966
7042
7449
97
7824
7484
1165
3676
4493
8128
4405
9720
4805
6587
9868
4007
9957
1239
1580
8185
7057
8706
3028
1662
1194
4102
6252
1879
1756
6440
1416
5131
7948
7658
8839
4875
700
9457
953
5285
7702
5868
7693
6034
2347
7419
5294
5596
8759
1258
3139
8783
7661
3876
6151
5704
5455
93
8223
1865
8088
5592
5542
2459
2782
443
6578
9149
7215
3412
1485
488
4273
3157
869
9126
5979
4995
2604
9365
9506
8744
4326
4613
9350
8750
3379
494
2338
6759
4684
1988
58
2674
4424
7991
6964
2236
1568
7419
4670
2363
303
4903
1183
1389
9044
7666
6233
8624
2027
1806
6568
7467
2726
7272
1983
2779
4908
773
5839
8513
4859
9152
1427
2935
9089
8742
5294
2967
8941
4157
1350
4836
3459
4164
3416
6765
3169
1530
7324
6591
712
2848
1690
961
1813
233
331
6940
9582
9247
1278
3628
900
8804
1967
9102
1773
8972
6048
628
8884
6104
2193
9150
4510
5363
8495
5879
7811
4632
4002
273
6033
8256
570
7990
3772
455
9637
822
8404
9288
6429
1497
8182
4397
5319
4941
8748
2244
7145
8218
2258
8976
3432
3850
4929
7870
2727
5329
1515
9067
8930
9309
323
1410
6982
1243
4377
3206
2445
5452
4432
8533
6717
4320
3552
4578
6444
9098
9832
8327
3084
1770
4172
487
9809
3251
949
5845
8721
5166
4241
3057
9977
7937
6694
127
4345
2261
2263
9778
8999
1014
4474
595
6655
8101
6423
3454
1012
8111
7007
1616
8121
9177
8617
652
4841
9501
1489
115
6967
27
6563
2285
