5249
5716
7437
8516
2013
2288
8708
9477
4779
7749
8118
9130
114
9288
7264
7217
519
576
9859
6112
1865
110
8562
1782
5276
1742
4805
2256
4656
2579
9425
2320
5194
7254
3348
300
9177
7575
230
9799
7299
7995
2722
5910
7770
4222
4863
6352
5190
5009
4852
4331
5682
8046
9976
4555
7848
3859
5496
4594
5889
3500
7052
8686
1998
4634
7925
1976
1263
2246
6660
3732
1341
1625
3527
206
637
1445
1855
5028
5173
4001
9153
2466
8606
2756
5692
7812
1381
119
7491
5872
3474
4864
5018
4794
9261
2923
4301
3419
485
1323
5610
5375
6476
1204
8791
6708
9251
974
5353
9074
5243
1807
3502
9294
1382
4984
2302
1827
4408
3963
7525
5760
2625
3678
6786
1724
336
370
911
1427
6021
1406
2785
815
3609
3153
8363
3514
6843
1507
1898
6560
8584
887
1542
6594
9162
4871
5100
2565
3503
2469
1385
6897
450
9120
6524
5280
4306
5770
2217
2879
8476
6264
2399
9320
5915
7405
8541
2244
8047
8855
4843
1108
9427
7980
9954
6533
4979
9676
9369
4406
4206
9578
6140
4697
9311
4908
7672
5092
7464
3008
4004
1698
9802
5465
6264
8380
1616
9182
8302
7912
7232
6765
8961
6379
4975
4865
1168
6674
3313
1527
9882
2376
8470
5920
7148
6221
133
4787
2126
2769
4405
9051
4852
7618
7604
4445
1335
288
7104
6732
9765
7283
3216
4399
4637
6578
7763
5862
5428
5033
6825
6581
5299
81
4232
2632
4351
7109
7733
9190
8900
6689
3477
676
2798
8619
383
8813
6734
5438
4004
6978
385
4778
5365
5476
3080
7950
2183
6348
9230
2884
2657
4431
7173
9038
144
5699
385
9961
3607
9016
2666
9183
9642
1073
1421
7350
1848
3929
7720
9942
6642
5289
5552
2539
9738
2984
8291
4381
4034
9410
1818
2841
3666
4025
2953
9899
5253
1779
2963
1915
9658
8988
2563
4569
413
6232
508
701
8668
8117
7310
3430
7926
5204
8949
7069
1577
8996
5931
1267
8323
3177
6328
9435
7572
2338
3316
817
5881
3356
2065
1963
5232
110
3752
7898
2648
6345
224
6934
4278
1940
5548
5403
9696
8641
2928
8311
7583
4322
7938
478
6494
4187
2761
9626
8821
6365
3432
5587
5096
820
3049
6881
4027
1718
3345
6779
2765
5477
8692
777
9848
3056
7271
707
4452
4198
6046
6106
9740
9387
8355
2132
8461
780
1968
2434
1198
3193
9562
5668
308
3237
5905
104
4711
5147
3638
3430
1425
6368
8332
4394
1702
9125
9831
8093
3700
5142
2782
2176
1589
4484
5608
5887
3515
5844
3800
5199
4037
6469
6961
2502
6518
6982
4698
3182
7519
4982
826
609
6504
3577
4392
7658
2836
3583
3761
9966
4940
3278
8341
9987
1052
368
1285
7351
1354
1497
8366
720
5416
1493
3068
9287
5092
8022
2389
4428
7002
7455
1093
6801
8732
1511
3049
8848
9278
5410
8080
8242
572
5635
3349
1771
6019
6377
7626
9230
2576
1659
3389
2984
8419
5150
7394
8866
558
9017
6812
3756
4699
4516
1852
7639
6903
5522
9065
2006
9003
480
8797
177
4475
8447
1054
9373
86
3300
6364
9327
798
4985
234
1647
9292
7058
8219
4883
918
8641
7884
5986
8330
8123
2504
576
4298
7311
2178
7497
2190
2730
8973
8521
2579
3670
6322
1659
5204
7536
9291
7852
6597
6179
7205
7639
8188
4775
3643
8502
5076
8783
839
9909
8179
2997
9717
3648
2332
8898
6436
8862
2338
119
8691
6169
2300
3499
7793
5040
8192
555
7473
3653
4152
8482
6587
4198
726
9174
3410
2200
6789
3313
4771
4037
108
1092
2770
5399
9092
4570
8367
3048
9874
1048
5143
8593
4728
716
4761
2125
3716
8332
453
3665
4595
6094
7288
5331
4170
8849
3667
53
3139
117
1580
9389
3679
9014
5758
8324
9230
2147
2288
8349
3835
8922
9252
4863
9574
7744
3955
520
3634
7841
7558
4588
8933
7560
6389
8820
563
6219
9469
4143
1323
3941
5450
8934
8840
1539
653
2717
5048
1425
3359
7855
925
3211
9836
5068
2033
5044
2494
9692
4061
4741
8556
2176
538
4919
6451
3332
9154
8964
4484
2493
5860
7010
6747
1013
877
2238
8061
3309
3663
9234
1291
3994
1498
2808
4725
7509
2679
7757
8777
8055
7382
2100
2390
5025
5248
3821
8658
710
7562
2972
1031
2254
4123
8610
9812
3041
9046
942
9429
4552
2062
2130
5192
2187
5084
4840
1344
6053
3695
5003
1546
3386
9295
7182
6025
2764
8585
3304
2026
3948
7410
5881
8374
8040
5536
1869
9504
2771
6620
3925
6730
3841
3561
457
9739
7065
4411
153
3522
6862
356
531
5426
5609
7979
3127
4794
6866
9482
5820
3135
4694
3124
4864
2130
7406
2626
8702
7492
4107
2988
3975
1994
6341
8315
7717
1790
1350
1927
6957
9415
7818
9289
5239
7275
3133
3968
3454
6439
2916
7752
7461
1959
6129
8347
3983
4348
4027
8700
5578
3634
6890
5055
4477
1866
3248
3961
4887
4604
7022
4414
6536
7799
508
3514
4643
4236
9357
6541
1438
6833
9092
5125
1917
3423
6979
1569
9989
5465
345
8107
4794
3928
4563
7106
8001
927
7972
1918
4717
8986
2478
8628
4150
4926
2714
2224
6846
9836
9856
7219
462
1654
9029
3104
3186
3202
4955
1094
9304
8491
1301
2400
4446
4364
8619
6286
7014
6705
1822
3842
5815
5721
8096
880
5650
7430
7247
8059
5856
3071
4190
1650
8240
645
5011
5017
5324
9854
554
7984
941
5595
1248
1725
3051
106
7903
231
1855
3770
1201
2951
5185
6960
8098
7740
6532
5204
6619
7725
8148
9228
7253
3849
5151
7232
5984
3223
2338
7323
9984
1168
8064
4480
3526
3777
1638
1464
1170
4643
3696
2085
2271
6808
5614
6071
1193
4586
1628
4287
8966
7277
2157
5602
2549
7778
7825
130
2326
7996
7881
1832
9922
5720
2327
3495
7913
8165
9350
3797
7808
6905
3384
2776
2529
7009
9763
8700
6918
9379
6502
4253
1032
