1095
7909
3715
6892
7452
44
6990
8535
1029
7317
8687
2949
5586
6328
4356
8711
6872
7616
6202
1181
2140
2937
1512
2131
5441
8101
4582
9250
7127
1331
9452
9593
5084
1599
6073
3944
6644
6196
3516
4876
4883
5896
4280
6526
3993
4894
3784
7686
3866
6120
9721
7469
564
1572
4080
4121
8507
7578
900
7480
5708
1526
8154
9264
6350
4764
1417
1432
4614
3417
3960
4607
2053
7120
3230
7616
7961
5449
38
1610
887
6835
2360
3863
8504
4620
4132
5059
7346
5944
513
8823
9096
9347
9054
1105
312
6530
7482
340
576
3199
3967
9287
3799
7905
7609
5980
1244
754
6602
6532
4359
4559
65
3681
786
4280
4740
1138
9315
9671
2020
6713
513
863
9478
1879
5301
8225
7588
9439
9254
8344
7168
755
7417
1686
1967
1372
5158
9322
6422
1898
7394
5933
6421
6655
2769
5943
9681
6046
104
5315
8852
2999
2944
4846
6656
9539
7017
9297
9308
1750
2926
7146
5253
2647
2863
5247
7754
1983
8422
8062
78
6261
5841
8955
2573
1617
8648
8682
2307
8201
4098
1084
8004
6497
1655
2440
804
9804
5000
9986
2426
1487
7285
556
3482
5803
4473
6637
4618
786
139
869
4835
251
4508
8702
3340
996
5642
3083
4001
6183
9944
3340
750
3044
4568
8875
8084
5752
9791
2223
4817
8636
886
2867
1467
365
9767
1076
1675
385
8863
1074
5441
2016
8605
4784
5124
7179
6245
5894
1578
1762
4541
5878
1934
2344
6174
452
3356
9816
9381
5741
354
4847
5324
8419
5680
9756
9122
8198
9405
1105
2110
6653
1861
2726
8667
2138
3316
1100
2617
9649
8928
4308
5128
6651
9876
4007
7292
615
9567
7788
6343
8035
8520
5874
8941
1228
3016
2273
6431
7179
1471
2258
7253
834
1483
7217
4137
5921
4130
6143
2350
7401
6966
7182
7264
6036
8184
7136
8999
6362
2388
407
1974
2061
5405
1528
6635
2061
2650
1563
1445
8410
8294
1264
9809
4312
7800
571
7355
6946
6060
2129
6236
1110
7765
6842
8004
3583
9143
500
556
1712
9910
5227
8157
7488
8633
7940
7069
8312
5279
5186
9800
8279
8152
169
4708
3587
3264
1973
7910
6888
3057
8595
5854
965
1973
9161
3694
955
1463
5335
5708
5406
9663
3511
3528
8313
3221
3305
6205
6072
3303
3118
5049
1840
3386
2767
6496
2289
484
8858
9621
8423
5559
4508
5105
4738
8056
8368
4454
1245
1017
5844
4198
7956
6759
7609
1141
2032
9201
7331
7294
1911
3362
6276
5784
1445
5261
7758
8177
1920
9302
1239
1703
7283
6077
5907
3457
2446
7926
5272
8773
2790
6433
4443
7807
156
7105
2911
1337
3253
6752
9903
8031
2446
3932
8580
3024
2032
5857
7324
9004
6793
9568
2571
873
5774
6698
8735
7427
367
615
186
1554
4766
7225
2741
7729
4601
3712
3677
6572
4825
4708
3083
8813
2593
9302
6194
4291
675
1041
6532
4652
827
2676
1201
8241
8107
5647
8593
6535
477
5410
3542
7104
1018
6929
4917
9912
1843
19
3555
4166
1556
9140
6878
7204
4044
8295
1384
7050
7508
9761
4063
7650
9252
6526
336
7109
7159
2380
5838
6234
985
6474
2578
2669
7759
9871
9152
3401
3959
9775
5773
3659
6985
5050
5481
8309
4361
7153
619
7408
7302
1039
4907
8298
505
1270
318
2354
7057
1452
3295
4345
9013
8146
368
5578
8169
397
7684
3876
6869
9619
1734
8953
3589
1209
7298
8549
7337
8237
4277
1193
702
5755
7264
4311
5363
4150
7340
1125
2184
424
5869
1092
3315
4741
4576
581
1893
3281
932
4674
415
6242
6961
8137
532
9218
3694
2012
9698
634
489
2265
8860
6467
520
1506
5002
9540
4318
5624
6210
942
7786
1024
6520
5544
8994
1632
4812
7201
2351
7631
5825
4970
398
4639
418
3459
8538
9358
1974
3962
357
2078
8150
7779
4154
5330
1896
5508
1505
3141
4983
2163
8774
8293
6106
2622
4645
5956
199
2840
506
3568
7822
2762
8038
7687
8149
5343
2702
9274
1936
5030
4374
3298
2337
8048
5696
6924
2200
8762
6
914
5006
5885
6064
4278
4257
5234
819
486
3004
7380
9497
9192
9445
9184
5322
8380
5789
6167
6756
1307
2049
5240
2564
8197
2239
5103
1005
5088
8372
7028
12
1328
7115
7213
6025
1548
2936
153
644
122
7267
313
4660
5641
4326
5981
832
1256
4040
3965
3839
3075
2146
9638
4929
1774
9591
1101
8139
8298
1936
518
9937
261
3930
9007
9300
5113
9524
473
5462
8459
7956
9508
9876
4421
2603
7632
3532
6047
2786
186
6256
5772
8647
6265
6349
2835
658
7149
194
6675
2112
8704
5324
1
4960
2159
3385
2730
7433
7226
5093
9795
937
2101
5495
4923
9032
267
1597
7676
336
6635
9979
9820
5005
3099
5666
9323
382
3267
2401
8868
3380
3782
8155
1439
6713
2774
7347
5726
8789
3524
3729
3735
9425
3562
115
7669
9004
6038
5044
6905
5860
1966
7329
9180
8953
3440
9235
1281
1656
7577
8638
6102
1189
8142
977
5338
6378
5177
5454
9759
4439
5304
6476
9082
2779
1818
6827
4510
3539
3680
7858
4209
7076
8203
4594
7794
4919
8325
476
8356
5609
9457
4839
4682
3340
9546
7547
8958
5132
9009
5148
4474
6493
4266
1313
4214
6578
9823
6068
695
6653
1673
5922
4035
9393
1861
5034
7130
4395
363
801
3664
9213
7622
4435
6355
281
8601
9243
3482
8814
63
590
5741
8000
6446
5791
5062
7548
3268
9644
2880
3935
7260
5696
5775
924
4771
7643
5978
2140
4322
206
6525
8084
4715
2985
8730
6957
9141
9598
9274
8709
1625
5447
5057
3104
1235
185
3023
8060
7039
6476
9580
2994
3345
780
8156
291
1064
9532
662
5076
3600
8116
5319
7812
5214
9320
3907
2938
4769
4364
6417
1741
320
5620
3393
4244
1686
1390
1076
2405
1785
9707
1061
7731
7792
4675
6339
5527
9630
8822
8203
1242
8545
7181
