8806
3941
5514
3111
1405
1706
7172
3440
3875
9141
2718
1296
1847
3427
8709
6295
8718
6433
7210
8707
1480
2227
8770
1767
959
3128
6698
5385
7932
7866
2742
4925
287
9960
4760
5433
6687
9659
8461
3710
9813
8614
2198
9690
9667
7606
3263
602
4321
7135
7295
8679
2785
6615
2200
1379
5933
3521
1353
5495
7820
8664
8964
2629
6657
4434
1023
8217
1913
5643
1751
9056
6262
5889
845
9664
9991
3510
2605
8281
8928
2934
993
4551
9379
326
2040
6238
1613
6976
9344
4048
8525
1009
2156
8478
7497
2679
6042
5733
2893
6895
2230
4505
579
8924
7815
7992
4045
7473
1552
4885
8430
3473
5524
7802
6483
3682
6759
7777
9875
4246
21
8907
7063
1601
8904
6620
8862
9149
50
2645
6091
890
8041
4110
3967
6896
6062
3397
275
5696
3996
7184
2410
8878
7432
9212
59
5264
292
5300
5449
3099
8896
7295
8622
6013
9637
5833
9828
4854
8021
4092
7687
4804
9394
7879
3584
7305
5994
2547
7866
9387
9722
4153
5165
9956
3424
2816
9577
5056
3626
8
6220
1327
5666
7031
8474
1008
1525
2913
6566
3826
5081
2569
9492
9932
463
6139
5571
3059
5924
5132
3361
1326
596
5291
4416
3795
1642
2149
2739
9489
7808
4720
2990
1651
4547
9397
565
8710
6209
3797
1327
6307
8328
2811
9627
6857
3406
4912
7491
7392
1780
4204
5102
7996
8556
8062
5034
1714
833
1587
6054
7098
489
461
5473
1775
4469
7158
3884
6863
4733
9525
9593
5167
4792
6893
7204
6200
5730
2949
8048
6450
625
6169
774
1065
8807
374
9710
8066
4704
3834
2766
3876
889
4361
1517
500
5306
1414
6569
9919
6953
517
3085
9432
7611
6133
847
3789
697
4970
5728
5347
4084
9871
7161
2403
3860
3750
1566
3270
3151
6615
173
7088
7901
4463
1215
7101
341
6200
1176
3352
8117
9679
8830
998
4393
4196
7936
8582
6998
6060
9391
7223
8053
9189
7532
7250
2599
3326
3804
829
1559
9182
4180
812
7326
2266
5613
8245
7691
9334
9900
2957
2980
7250
5467
2102
6686
3992
9441
1847
3973
6116
3145
8711
8211
9405
1671
8291
198
9485
909
623
9130
3614
2772
3991
4159
3287
2398
8107
3555
1208
7130
1308
4516
2223
2891
3426
951
5529
547
5406
2236
1749
9311
9804
7281
1788
1796
8849
3047
5505
66
6698
248
7475
6625
6685
535
1768
782
1230
5199
7740
4056
2902
8372
1386
7344
4193
6505
9218
7313
3551
7679
3468
2137
7069
8603
3145
7305
4245
3296
6536
962
9271
4766
9859
4339
7458
2254
8883
5904
5716
4054
3386
2359
9468
6198
387
6034
4729
3169
1286
4546
9103
2095
3390
4662
4408
8998
3663
3336
6132
133
7421
1783
7068
6989
3716
1146
6108
8999
818
6099
6110
7755
2008
769
8102
6045
1527
7188
4660
4856
6558
4110
5813
4661
3145
2243
8040
5112
2531
2046
1399
2224
3436
6240
9244
7608
5378
6861
8270
9396
3031
9273
8928
2337
1238
3420
9901
9975
9605
5401
9777
143
4408
740
9727
3394
9990
5411
2858
7525
8829
267
3178
6792
4311
4155
6500
3048
4969
6335
7576
154
4332
6633
8007
5496
8069
1147
1506
6502
8811
8748
633
7487
4385
4898
4892
7347
9215
5554
6874
3328
5010
8874
8817
7856
9621
1623
3400
6839
2284
9544
7142
8783
1961
9637
8931
9012
2157
5620
9398
6417
6750
2381
6443
7296
2994
8943
6288
793
2350
1413
1770
2230
9749
8131
8039
4559
9719
4613
710
5011
8654
3865
1054
6410
4379
9637
4511
4102
4013
9246
4906
4514
2929
9354
5912
7350
3495
4762
4515
4297
1320
5137
9529
8233
1006
1810
7385
9527
6433
657
4563
8294
7119
6931
9859
781
1239
5325
8815
2712
9847
7208
9846
4667
7647
8270
1218
4009
7168
3515
2849
2922
1351
7642
2187
9074
2971
6280
8863
46
2579
3124
6399
7347
1849
8275
974
5834
815
4917
6309
9061
50
5643
5355
9272
6576
5309
8737
4257
7784
4644
2404
3661
5463
1774
9214
8550
3501
4684
4902
807
1733
884
3114
6465
9388
3715
3590
6472
6089
9786
4120
6245
6817
376
1389
3762
2832
9900
9449
3366
4636
265
4867
1528
1205
2685
8758
5038
2154
9518
906
980
1175
7445
8211
8359
4231
3162
9569
8604
9421
9930
107
6450
8070
2430
8222
4253
6270
3621
1847
6263
1134
6206
1607
9018
7530
6887
131
1562
4739
5681
8953
1108
1714
3228
6901
7370
6696
4280
2136
7019
3316
5515
9918
9958
3366
8492
7610
3260
524
4746
8612
858
613
7445
4242
4580
3307
1044
5831
5289
7083
1734
9469
2411
4531
3189
9101
8377
7710
6322
80
739
311
8862
6677
8897
3522
6971
320
3753
1605
7597
3378
7384
7922
6157
9303
3639
9681
2759
6624
1918
6421
5409
3334
8661
6121
8299
5318
6497
7004
6055
8802
9236
6956
365
8959
9716
7217
8536
5772
7111
7144
3441
9134
5955
6089
3588
8888
752
5756
4519
574
8774
5800
198
2794
8092
3552
7932
744
859
8645
1446
1651
1540
5409
7007
7040
2768
677
376
4155
58
8010
1680
2970
3541
3498
893
9379
1352
2409
6515
8675
2438
5066
4732
422
854
1157
2553
5362
9527
3160
4126
3572
6357
5577
3336
2970
2620
7007
5798
1645
7058
9204
7044
8787
8063
2830
8544
4447
2478
6046
205
6711
2875
162
6800
7996
1456
2478
8221
5129
2038
6794
588
3609
8080
4051
8435
1969
3540
523
5550
778
6131
6828
5520
6075
7843
976
2411
2525
3565
6660
7395
1558
947
7225
2176
9581
7078
2403
303
8907
3990
2695
307
4573
5072
7728
3638
8264
3908
8318
6921
5580
989
1869
9881
2155
6546
4313
6669
7717
8407
1481
7049
2832
9750
2877
3601
7755
1185
7909
6265
3682
5287
4586
5526
9535
5978
2146
1532
5306
223
7904
2040
7256
3145
2490
1339
1407
1125
9572
1569
7075
4345
7137
