7126
5483
5161
6442
9177
4359
8205
4004
246
7000
2432
5257
3343
7765
8702
5945
7896
9627
5619
1547
24
1402
8029
2860
2747
3063
7775
2120
4383
5955
4509
7494
1647
2794
6881
7771
1727
3260
321
7000
6108
4351
8824
8374
6831
7103
4649
2471
4517
5591
1457
4197
8448
1561
8997
4940
3217
1569
2061
1381
8809
2213
5939
2239
3919
7864
8411
3344
580
6661
5696
6274
2506
5836
6005
2279
2055
9308
9721
5385
8207
3880
6012
4481
8215
3857
7924
54
499
4388
7523
267
1902
1153
63
4615
8843
4033
1528
3177
9790
2862
5867
6184
7064
2247
3491
2931
8099
3216
6559
2185
6960
6044
7234
9303
636
8200
936
9679
9290
4944
9088
6029
214
7284
125
5675
4384
356
1712
4040
7829
2332
6507
8272
1902
4616
5549
2342
5613
6500
7241
9610
8869
7105
3154
9612
6438
8067
6729
6571
35
4957
2527
121
4334
5787
3383
3609
6117
1857
1085
5943
9394
8296
823
7511
1225
2960
680
7913
5311
5076
9495
5541
9308
1388
3118
4201
7713
8345
6423
6019
7128
8579
1116
2957
5674
1236
3592
1447
7567
9621
8947
6532
2825
8236
5026
3238
603
6107
484
2958
2407
4529
3707
5149
7155
6261
3449
9608
2159
3114
1177
3229
1747
6862
4592
4124
5706
7613
7935
1875
9865
4074
7563
9371
6452
105
8336
90
6751
3279
1833
8731
1874
4209
4005
9335
5087
1435
9862
9677
1682
9150
2996
1038
2122
5567
7972
6126
1026
8141
8308
4793
4132
3105
9105
7064
5136
1681
203
2579
1350
7528
4033
438
1030
6222
6863
2389
2056
2965
7586
4019
4612
564
4427
1981
461
1622
1807
2379
945
6118
4431
472
7278
9116
4909
2150
2381
3356
593
1948
6667
4380
3458
7090
3858
3777
2149
2623
2157
9256
9913
883
9237
8017
3969
3606
772
5236
3716
6323
9780
4602
3606
2981
8483
5122
6344
233
7064
5867
4527
8969
1563
1993
1714
8580
2481
837
2346
7059
3908
6109
1076
8568
7301
1307
3454
1658
5168
7841
3829
3191
4173
991
3341
4949
4481
6607
3202
9465
3936
3384
9648
6170
4948
1026
5738
7849
684
7138
9586
2477
7308
4565
6586
6543
6531
507
3766
5216
1075
3038
2430
1939
9150
8877
6177
9953
8269
1683
1281
5197
376
2896
3407
8926
6863
6823
6417
341
890
6853
8318
6374
1770
7689
2314
5430
2150
6644
6729
2878
2004
9119
9185
1810
2710
3178
5347
7336
7303
4189
2915
6506
4248
1446
6078
944
2780
121
8039
8955
7461
6371
540
5566
5343
7746
3552
1782
3090
3873
7142
3464
7356
813
6603
8856
6273
7714
8457
4022
9265
9637
1149
9678
6440
7881
6239
6104
9193
8771
7718
4317
8646
8713
5016
7389
6899
6999
7245
3670
4756
8209
6003
3744
5559
822
3536
266
2764
4208
5355
515
5276
968
6362
467
1155
7089
8535
2082
4018
38
3860
6065
35
4019
2658
6584
8341
2927
1506
5923
6569
5843
8897
6549
5069
31
1595
8958
7381
8348
796
9925
7615
3400
1054
2469
2334
2177
2367
1603
9854
4655
8431
4647
7649
5144
4586
2847
6741
5423
6391
1771
7663
8474
4494
2437
8476
3838
9783
6482
5686
2448
7339
6156
440
7738
9453
8705
9429
3489
5649
6166
49
2337
9342
5264
9568
2223
4987
5964
8887
4849
1808
7021
1139
1792
3417
4090
128
991
8159
2746
6980
849
796
5037
3233
4178
833
8753
2164
4607
8582
7820
3361
4718
3831
2472
4131
8407
7978
7053
560
1187
2503
3510
8999
9088
8776
7548
3751
9967
2812
4391
6765
1495
2273
5832
6408
2751
2007
3585
6916
850
6602
8695
3816
260
3235
1000
820
5463
6501
5881
3118
1711
5071
2787
2227
2272
8420
4140
5358
6607
1894
5948
8383
4767
5171
3396
1887
1319
9570
5594
2158
246
5283
8434
9236
6843
5595
2467
2136
5502
8475
3486
3682
4072
7734
4919
2138
6948
7705
5847
7355
2245
2176
7594
7826
3640
4221
8984
20
6792
3266
7067
428
1261
4248
7675
9418
9551
4871
6213
9860
4451
889
7562
9292
1886
1635
1612
1073
8631
3932
2447
2126
9293
2267
8874
3252
9077
2102
9300
1552
5192
4433
3406
2883
6627
7447
7704
9606
2686
1803
5725
824
6333
963
1831
2861
2214
7925
7845
1746
6024
2895
2598
2867
1894
9533
6128
9769
5723
5465
8754
5775
3562
5282
6794
3320
1271
1480
7624
5353
839
4607
222
7892
578
3423
7687
6599
3621
6854
4173
6236
6869
4797
6447
1312
6065
5693
7094
9455
7681
7347
6699
2338
5756
9934
9234
225
408
9469
3411
3360
5814
3289
1751
5185
224
282
9634
7032
3437
7387
9965
8690
9046
8457
7150
83
3772
8654
7044
1456
2297
2760
3385
6631
6087
1033
5642
6140
6470
8699
7861
1926
4143
4903
6501
2685
9113
7604
6976
8563
8751
9454
3667
1950
9552
6056
2472
1305
8513
2795
2298
9205
8705
4892
9571
7735
655
6493
9797
3045
6913
7917
5944
9629
8353
7819
2265
9378
844
5038
7988
8410
7804
931
1866
7548
8493
8669
3700
708
8814
9986
7486
4240
7352
7418
8775
5932
5144
6669
8794
7655
3
8458
89
2543
6094
1153
7053
5786
9776
20
6698
6097
907
4146
1085
6226
2975
4773
4238
2986
8714
5946
1578
8497
2912
2570
9261
8284
5223
3033
3530
9426
7533
6131
5235
4149
136
8347
1543
6122
3031
8467
314
2738
250
1032
2406
6651
6601
8227
6774
8385
1661
762
7890
3403
701
1679
2096
874
380
2178
5123
896
8515
5036
9844
7741
9334
6862
9497
3641
2691
8473
4639
9350
8253
494
1983
1647
3870
6923
2979
8602
1140
56
8319
2011
3644
3609
9349
2848
1938
3277
9985
3572
3219
7683
2720
2601
5845
1806
799
5322
9031
2231
4035
3868
3022
5104
1850
2744
3266
3235
7151
5252
4324
2831
3729
5938
1726
910
1064
4473
3579
139
6990
8665
9826
8604
4098
