6559
3987
4520
2314
1109
2287
958
979
1532
7601
3365
2147
3571
2876
2937
7907
9247
1579
6464
8702
9706
9547
1824
3923
7055
3811
1406
2476
2682
5205
9878
5704
2615
8143
7600
4458
6273
4932
9119
9353
8372
3925
7568
9144
4169
912
605
7726
4895
3082
9211
1124
4928
6332
4295
4047
6815
6055
9900
4585
7697
2315
4912
3800
4975
4290
9105
2227
836
9021
4794
7744
6981
9007
2116
6664
805
3660
8684
4279
5548
1912
4546
6435
4611
1584
6712
2839
8940
3104
9722
4147
4567
2299
6203
8918
8932
2428
9327
6690
5417
9859
6918
86
5079
197
4182
5272
7132
1959
6047
8626
6470
7560
5820
4437
620
2373
5046
2444
7550
3028
9871
7293
6117
5685
2273
2234
9258
6734
6809
8733
2972
754
5267
2401
8063
7373
2251
8889
7215
4813
9845
5503
8278
1935
6712
6735
8732
1574
7729
1352
17
5180
398
6496
778
2227
9745
4015
1190
4557
2443
9149
47
6895
8380
2020
476
9156
2460
3936
6705
1404
3295
282
2254
3636
2846
8763
6768
4748
3131
8521
8873
2025
3346
399
9894
8930
256
8720
9028
1422
5026
8318
8143
4554
5512
7134
9656
4017
7702
8425
1
6523
9127
3223
6693
5717
7632
4170
734
8584
5605
4131
3074
1622
1025
8114
8042
6666
1940
4522
5378
1853
362
181
5770
6847
9299
8679
4605
9673
4984
4056
418
2769
7057
4896
9659
2180
2845
3117
2183
3703
1640
2331
3866
4388
3175
8487
1738
5848
39
856
1515
1789
9936
1216
5417
8573
3225
8725
7274
7639
7068
6707
6435
432
4915
7638
391
1862
6916
7579
1054
7069
7313
9376
9706
8862
3181
7661
8820
9975
3569
6367
9599
3831
7224
3349
71
948
880
1556
518
7925
9192
4082
8148
7235
7748
5552
7067
5324
5462
9612
1023
7167
3068
5513
9727
9262
6606
1604
8367
9834
7561
1557
6920
1290
8678
8774
6141
3402
9158
7367
8338
6196
3019
7240
9441
2055
2288
821
3553
6669
8503
5063
3060
3634
3964
6023
1647
5521
7507
1085
762
6050
5141
3333
3260
4894
5446
1440
5815
6788
5786
68
5621
8384
2297
8447
1318
8808
9503
1400
1699
6027
5435
353
2991
6481
2669
8858
3847
4973
2399
3496
5643
8752
8893
3643
5891
6878
6591
2579
4534
6323
5744
1884
3396
2594
6870
431
6693
9162
9356
2021
2222
5928
3473
7265
1051
8328
5067
4266
2410
6908
9292
5256
4208
7718
7152
8563
1953
7430
7312
8797
2998
3766
4361
92
4094
8882
6625
2466
5202
106
877
175
28
2120
2396
2627
2367
7971
6482
5217
9365
4308
925
5387
9684
4808
510
5746
2061
3201
7575
3195
8003
1413
6440
994
7599
7002
1469
5712
6796
2414
6279
386
1702
1081
843
3261
8047
3501
1539
5763
3713
5893
8858
2779
3398
1722
6402
379
5952
5709
3749
710
8177
444
662
2159
3992
3287
3944
3091
8185
5892
5203
2530
7324
1236
4576
4798
3074
3839
2380
8911
5300
3992
5312
5446
5685
6172
4049
7106
6283
2908
1123
1625
5340
9892
234
7589
5628
6124
4262
2370
171
5067
8510
4154
992
1247
7285
1663
1113
610
2236
5366
8943
3956
3957
4875
982
5288
2609
1431
7889
5389
4754
915
2587
7115
9759
3007
8460
4766
8629
9314
929
6966
1848
5881
8772
918
928
5962
8671
8802
8392
6940
1518
8320
5513
3456
2442
5904
2963
6540
1438
4711
1370
909
8228
7800
6727
2921
9372
6874
2315
6533
883
8840
435
3440
2111
4294
255
5075
3440
4574
7535
5910
2600
6980
256
3459
7564
6325
3873
8102
5340
8179
8602
3949
6936
2293
6777
5770
4354
5504
9869
4747
3957
3880
2265
8183
668
4369
2276
9004
4252
7533
3672
1672
3005
6871
4939
8348
4272
9606
1255
9917
8776
2720
2069
7020
1602
2310
4951
730
1839
5584
632
1306
5895
4607
6811
6392
4371
7754
7638
2668
8745
8764
9015
9171
6996
1054
2536
3641
7773
8019
2556
7390
7867
1417
7745
1819
7089
6635
4786
5364
4278
8879
8711
2848
140
5286
2633
4011
3788
873
9432
7227
199
5136
3975
8363
6283
5473
5334
3137
7350
5180
9750
9467
8293
51
4027
5465
9884
6852
3659
3590
9245
1934
3590
5328
1059
3951
2141
4149
6048
5327
5015
5139
9987
9825
7501
6109
8859
5052
1643
9572
4860
176
1196
5705
6726
7340
918
3177
5971
2676
2711
8688
7419
5443
1222
9240
5242
1718
7411
3917
8322
7731
2454
2301
8081
1802
8681
6320
8043
6987
9627
6080
9359
1239
2106
2297
4296
8698
4058
9638
6563
372
4583
6633
1433
6478
8729
3187
7230
2419
8084
7257
6232
3094
3708
3985
4281
8678
2468
898
3176
5204
5995
5678
5992
27
4682
3314
4830
2068
4706
7720
6535
4968
2058
4992
7967
4697
5782
3247
2114
4575
6467
3920
3911
4181
5479
5945
8562
9409
7423
3674
2006
7366
2103
5868
4574
1202
785
444
212
2705
8162
2031
9920
810
4026
6877
6384
4600
1190
6406
8514
2048
8017
5984
6768
9396
7663
790
9990
9688
9811
7554
2869
5426
5710
5061
3885
3544
8299
6558
9849
3961
3109
3438
9095
7342
8534
3522
2
9949
625
9763
2379
5708
5747
1861
2418
3036
8173
477
4649
5958
4075
2358
3122
5440
3297
2533
876
2265
9821
1673
9299
4694
2260
8520
837
5757
5387
4016
8336
7494
964
7786
6061
9987
1633
5573
1972
763
4803
7804
695
6692
9034
8166
3885
1701
7350
8355
6382
6985
2096
5145
59
4130
7967
1307
1116
2869
1515
1196
9551
7914
6404
8244
9000
8718
3013
3993
2812
1605
6401
9184
5454
5274
3891
4283
2413
7157
6973
9855
8648
9089
320
9839
6458
5538
3867
5204
3250
5189
2990
4172
8874
3025
4465
6593
8115
8274
2876
4443
9348
1966
4837
3235
4317
9201
572
9229
9620
2670
1959
8349
3753
5595
9950
3197
6384
7139
6477
7773
9300
1283
7237
6017
