9273
8859
1425
9139
8539
8102
9073
4458
6097
7308
5093
7181
3434
2968
9825
108
6159
2405
8258
9554
1817
2354
6194
109
7196
2533
749
4733
3543
7566
8439
1867
9371
7730
1578
8918
8906
4826
898
5856
8770
3778
9452
9261
8095
372
5074
5071
305
13
8436
3279
6892
3286
2353
5848
8147
6935
5450
6167
2202
651
1856
9320
3866
3272
6459
5141
4722
8903
7956
8331
8419
7719
4583
3687
726
3435
7655
5608
6930
288
4652
5906
4464
5622
4671
5876
9313
2644
4632
9590
1427
1930
8403
5030
8893
9324
9924
1577
4441
7067
1202
7682
3271
5719
8028
8840
8064
9107
6973
7211
7478
4851
4170
9087
6803
8958
6711
4913
129
5091
6905
6742
2612
4257
2718
5576
6915
4787
572
7789
3773
6099
5791
4497
4385
8498
2147
7559
6013
8496
3482
158
5449
7822
5738
9701
9358
4440
9824
3658
8065
8868
6139
5839
4652
718
7147
2278
2255
796
6676
9849
2756
3113
5383
3852
52
9209
7500
1450
5287
6478
3627
8919
7643
9632
2439
7333
6250
6868
4148
5851
7751
4416
7217
2220
8606
5455
5705
4842
9745
275
7228
360
7010
681
4734
7870
2669
5695
5049
3848
2769
2432
4369
38
9147
4818
1682
7719
6153
5407
6447
8845
4203
6658
5188
6182
46
4313
4173
1
1541
6676
3775
2453
6273
7388
7320
5827
2905
7012
4580
5024
4434
5356
9774
2754
126
4082
5515
5821
1725
7146
162
1161
8995
2026
8874
3803
1541
6693
1638
5099
3277
7704
4108
2461
7179
6988
4530
5685
9177
1210
5383
7925
1158
329
1194
265
7533
8025
8296
4664
1682
9539
2988
3831
9184
651
8254
6715
8040
283
5472
6617
5524
2150
3514
4554
5737
1992
5370
6760
3593
1204
8719
9222
7653
6783
4155
8277
1784
3386
4432
7483
653
1906
5513
697
9512
9750
8997
7253
9757
9120
7378
1128
111
9729
8986
6826
6963
1064
5326
3551
3003
1799
1459
4527
1986
7321
7491
976
3477
9199
2545
8628
7784
8647
2276
7527
7800
9364
2324
7429
2441
6265
2811
3463
4347
4109
4358
3903
2858
5704
4
9823
802
140
1935
6013
7840
5019
2869
2739
7752
6295
7992
8053
4618
6108
8010
4615
3266
869
40
1172
4976
3370
2691
328
6218
6808
1012
9814
3859
8896
2603
6490
7961
5661
8880
7021
7121
409
8714
7113
696
8643
8556
1939
6076
7248
4438
4102
9552
8993
1645
2611
3583
6712
6707
7013
5429
8919
2817
4316
7962
1803
7675
7392
3300
8526
5358
2165
7948
9443
1916
3391
8857
8627
7819
3180
6059
3604
7662
8987
978
3083
3950
2376
8442
4987
6470
9822
9696
768
7243
7832
7187
2428
383
5021
8635
4545
3283
9050
6640
1952
7287
7608
8612
5641
2317
8929
1947
4126
6365
9892
7603
8232
9631
5172
396
9124
6807
2581
449
2636
3257
79
124
7931
7476
6190
6475
8264
9593
6850
6229
6955
4733
8059
3607
6365
1547
5498
5080
6350
1346
6330
7463
6706
1581
2369
4067
3560
7033
9570
2601
2891
9752
5404
646
4168
5916
3551
1083
9569
2449
3581
6000
7180
3490
8925
5078
7007
2242
6845
2819
1736
9599
9763
7041
9016
2020
4895
5027
3810
6094
3672
8837
1666
6164
5130
5701
4398
1214
2355
3251
6736
5696
6841
8847
7230
3533
6314
6005
5587
4082
8393
1712
5652
4979
9238
4828
5272
3235
7274
7536
863
2300
3996
1782
2253
7964
7747
1944
45
4274
4909
8018
3179
3836
3669
7497
9006
6648
6111
9099
9671
4358
1948
454
5706
9437
3850
3052
7217
8162
9414
6236
590
182
5808
596
5527
393
6000
7395
7762
1368
22
2292
3182
2421
4874
733
3202
5410
7908
8704
9362
5915
3687
1610
5855
3409
6918
1050
8189
3346
1684
3824
5928
97
2800
7351
3455
4681
7825
3707
6807
9177
2595
681
7616
9611
2587
8953
2245
2765
1330
4420
3057
2575
2075
8277
4307
4833
4157
7639
2338
1856
8114
7471
2266
6954
8452
2291
4230
1528
3642
5668
9698
5946
4869
7412
4087
6352
3179
6475
636
8829
6301
9032
4134
7542
239
761
533
4195
8621
2391
555
2565
5721
8731
8133
5507
731
5156
5380
3671
8647
524
5314
3507
8378
7385
3804
4578
1988
2638
4949
7483
5551
5566
9353
6330
2072
6163
3067
1343
2589
666
804
6693
9448
7751
6611
593
6729
7873
2015
4596
1610
7836
4169
7469
9021
5840
1638
2497
6924
1721
4720
52
3670
3864
5515
8725
6736
1366
7250
785
4127
2505
9548
6371
5974
4885
1642
5487
8930
4105
1869
4171
2540
929
826
2539
9247
8223
228
8980
3945
3905
3936
6687
5236
9684
5533
7848
4923
7834
6196
1097
5288
5598
5911
181
4652
9882
1184
8388
3914
8151
7276
3506
9845
2132
4185
5187
2867
9183
401
8341
7050
941
7447
1828
4098
8266
3322
1518
4352
9436
4043
7
1878
6140
6450
3694
1563
1875
7777
4125
6067
3315
9178
9620
4801
4347
1659
4437
8267
3868
9400
8872
4202
6953
5722
3538
2889
6013
6725
9635
7661
2161
4779
685
84
5023
4281
2845
7053
5316
55
26
5803
5671
1892
5725
821
687
3657
6612
5101
2645
5988
4676
9001
3299
7736
7248
8069
8087
6692
1391
7209
6922
3154
5069
9829
6131
9203
728
7449
2850
830
5305
7282
6851
8484
7939
2260
5823
81
8357
9131
9488
5111
6384
8491
433
9568
8721
5812
4952
6105
8780
9794
7411
6730
9390
958
2362
195
3433
3379
9833
9695
1848
7266
1243
9038
7551
9797
4717
1378
4200
6426
4459
276
2909
2152
4973
1383
237
9403
2038
3330
8520
8542
8061
6668
8256
8047
9798
3243
8841
9063
4023
5267
3564
9649
215
7289
1101
4178
6474
904
208
7424
4035
5573
953
5547
3610
9303
2058
896
817
9223
7161
5521
8154
6985
9049
2102
6805
3880
6848
63
2894
9149
8603
3185
1989
7042
8261
5679
4703
1056
3606
1702
