7800
7676
6510
8483
1894
7992
9863
8275
5204
3247
9228
3381
7734
6083
5176
2152
3505
7834
7039
9733
3579
4787
7138
8299
4956
2818
5494
7617
2052
32
2156
4464
3403
1194
823
1683
6770
2664
4955
9544
3324
6116
9233
7504
5708
1155
3484
9759
2626
2713
3556
8765
4852
9465
6526
7941
1470
7397
1838
8481
6291
6113
7061
4928
619
4198
3185
764
4412
4919
8697
211
7300
196
7875
4181
193
723
5182
8955
1200
13
6707
5791
2898
1559
9524
8052
3736
2227
330
3554
5187
1888
3887
8349
987
2909
4226
302
234
183
8
4865
4663
1203
8804
2762
8061
7218
9561
2629
8691
6498
2901
8680
3347
1441
3166
1200
3485
8860
1410
8294
6635
688
3866
2058
1515
7975
9926
6508
6609
1784
9501
913
4035
8299
8633
7835
3940
4890
3622
4738
9529
6340
2566
9455
7922
9750
7603
2546
6979
8412
7022
7419
841
2479
680
7231
6421
5151
5153
4089
8322
5350
6886
8675
1905
3409
365
8111
8012
2183
8409
7397
3567
2925
6333
1884
8332
6741
4848
496
989
9327
4749
1637
7806
2638
580
8544
9317
1036
3151
1733
8307
7369
5394
5173
2436
2373
7103
3762
8908
1157
7676
6928
8923
2905
9315
9779
4890
9245
4093
8913
1487
1133
6986
2276
8057
5028
2699
7079
6900
9419
6933
9855
1825
8574
9406
1436
5191
4402
4433
3364
2354
5101
9408
5866
7144
3377
2813
4559
6937
7574
8874
4907
6921
8131
108
2036
1615
4844
1163
6992
5029
7654
9016
9298
699
6496
5642
4885
6103
4440
4400
4856
5675
6941
7274
5187
6651
1364
8221
7056
2443
7398
2000
3166
3669
4655
1757
8924
2200
6815
3353
1057
4712
9005
6760
6560
787
3439
1383
354
5039
7522
8247
5458
4718
3046
7755
9536
4396
3338
6279
3148
7858
6863
1753
3889
7393
8708
7333
4025
9362
989
6896
2523
8032
7915
7380
9408
4504
591
4882
7131
5672
371
6604
2489
5414
7632
2479
4433
6592
4142
2194
9528
7089
1029
5508
1283
2444
4528
5326
2128
6582
1337
6296
1330
6416
9313
4047
2299
5065
6176
8417
9310
6600
610
4518
1623
5141
7585
8301
2375
3689
9656
7348
3225
9893
2650
8322
4489
4712
6754
3176
7561
6466
7636
1839
4745
8321
8605
5658
2129
8784
1638
4249
4800
5993
7660
8305
1186
6314
5825
1899
8332
1580
2894
4379
7519
2297
6163
9398
7759
3723
4018
3508
8499
5646
7903
3685
5589
856
2067
978
4267
9890
2665
5743
788
2898
8159
3252
2176
9438
1620
2514
1166
691
4662
8311
2374
6987
5859
7963
5656
8295
3453
9900
1847
2872
2005
9971
3701
9001
3360
3994
9107
1179
9926
8979
175
9884
6291
2213
2438
8207
7127
1296
7825
7724
9795
7830
2523
8820
4574
821
3611
3786
5290
6888
6138
9854
1052
3709
988
1670
2462
2655
1004
986
2773
8740
9524
5447
5580
2910
5071
5875
5986
6649
9733
4380
7044
4222
9723
6284
5833
7218
8595
4267
4411
1371
9725
5195
5029
9999
8210
2456
3962
5635
297
3496
5316
4343
4876
4716
2709
5231
5851
5955
4361
6150
6008
9477
4827
2556
9368
1325
4146
6928
5540
9633
3153
1204
3517
7977
2912
4746
8799
3166
8894
4170
7609
6641
7054
5560
9354
903
2055
162
362
157
7032
3614
8546
7166
6522
9815
3458
9324
5
3910
2731
9378
5504
8445
6562
1007
6568
6785
1604
8000
1428
6719
1599
2309
7256
5691
3372
2375
6767
908
4105
7390
46
1982
3506
4491
3500
9350
8488
2253
8988
4499
8198
907
5482
4011
3949
2652
6735
5513
6361
7868
7132
2170
9307
6901
9356
8241
2116
5950
3388
7845
3763
1223
3571
1853
6231
9562
6595
7473
3805
6812
3992
4873
8911
979
2132
6681
2072
2241
1102
9045
4294
9360
660
1525
4945
1171
892
7297
4160
3554
9876
4630
8404
4906
4648
3881
4293
4277
5845
2178
7289
376
8271
6553
3022
4076
4129
2034
2755
2376
9926
3479
4385
1269
3241
7090
8028
1673
1749
1519
5995
9164
819
4420
7554
5221
2761
4155
639
3437
1752
9300
3121
1823
9407
4667
6315
1608
9212
6973
758
9108
6871
3476
3120
5785
6535
1480
3221
1303
1165
2178
8059
7447
9065
8224
1083
8009
3293
8623
509
7256
2426
5378
9024
9190
1493
9580
7329
622
349
735
9301
7464
7048
8309
8852
3742
5059
7236
9143
6618
8964
9696
1332
7590
5464
7631
3048
9828
9852
7386
8543
1375
6040
2149
253
3923
6208
6667
6093
1467
6086
4986
4525
388
8017
561
9610
3722
1148
928
9251
669
6801
3257
1763
4714
1918
8139
6162
180
2298
4435
7096
9619
8402
6584
454
5925
7584
1910
3383
1689
2619
8777
4671
1915
6590
9000
2546
111
6206
2978
4981
7239
3769
8307
4777
9832
8577
3384
1688
427
534
9067
236
9747
3643
8854
5500
9536
3730
7120
7956
8559
8962
963
8702
9157
9705
7067
304
7347
1580
3213
4685
9881
6983
4330
8392
774
5693
615
7387
8976
9358
8341
5996
9177
4082
3391
1221
5994
879
772
2901
8252
1352
8759
5716
8488
7044
1437
7064
6695
8882
8415
5998
3703
957
3268
8017
5916
1047
1753
9777
1486
3685
8923
1604
9384
6474
7933
4342
6725
2868
9238
6941
7657
4829
964
5169
170
2026
3948
9965
9464
6228
8493
3503
7495
6103
2786
4022
1409
1294
5499
7193
4752
4647
8664
3008
716
5599
7935
4606
7080
3835
8747
8022
6991
8168
6158
2306
8465
9434
1341
5318
2029
3666
6665
8105
2395
6004
2021
876
257
1288
7621
9570
3479
4358
8011
9134
2275
2707
959
6264
2646
5105
4126
1304
7037
6586
7295
6267
5222
4250
4853
1477
6191
7279
1210
8218
5160
3171
1147
6919
4763
8483
7216
4588
5968
3213
9280
7813
2675
2342
6172
6306
4035
5183
8043
4528
1292
6682
7263
9484
1964
9480
3182
5918
8545
5073
6450
8212
6538
6141
565
9747
