9041
2727
9202
864
93
1430
4130
9437
4155
6379
838
4797
7026
2060
8156
2149
2848
1131
3936
1335
4269
4929
1155
9875
2308
2059
3837
1357
9424
781
3859
3502
6327
8877
1380
7117
1905
8862
9642
1954
1945
5335
536
9712
480
4089
309
4704
6033
9413
1302
3802
7045
8282
4721
7468
2769
7005
5488
5402
372
3617
2226
1283
9844
9009
7379
9356
30
2392
2124
8852
9854
7833
217
976
4930
4505
2596
6801
5366
1142
7765
6972
9686
1181
6140
3239
8274
4139
2022
594
3718
4646
1426
4087
7888
5899
5647
6822
8871
4547
2541
9953
65
7476
3356
4259
9127
6250
8374
2436
5897
6113
4600
4515
5056
8290
3630
3851
1469
3081
6459
5534
7880
9545
6330
1955
3316
1349
1195
9302
6384
7479
3280
1609
8636
7398
4797
3656
2530
7346
3117
7423
1143
3610
530
2932
6145
9630
9474
5307
2688
2857
166
4104
9323
575
9417
3516
6733
2157
1310
8263
3849
1194
4779
9632
4740
860
3481
591
752
4991
1231
6296
4666
7332
5623
7295
348
931
6529
2723
6533
6031
4020
7274
6732
9010
5134
4596
2190
8379
1981
6636
2493
1156
4105
8751
2753
5911
5480
9466
88
5806
2851
657
3883
766
350
4496
7126
9252
5191
8232
5228
815
336
1340
3083
2568
815
6541
6682
7712
6647
7113
1077
25
8580
5443
7780
9593
2091
5991
6766
2179
1854
5128
117
93
768
1071
1517
3392
3446
336
1382
5610
8483
7516
7122
9127
2018
5212
7353
1557
4670
4448
7978
8065
5897
9846
1159
7695
7518
4153
199
6877
5412
5412
8691
795
1854
2670
3410
1030
8753
5796
7941
7278
3514
4164
5985
4838
6523
4711
9092
3438
7694
437
7965
65
6330
8133
585
9716
2118
7136
6842
3412
2853
8325
5513
3431
5428
3094
1034
1126
8447
8778
5852
1253
7059
2653
5995
4906
1098
2313
4249
9475
6371
5945
5061
2418
813
8039
4492
6833
9993
7728
7073
1773
6930
2529
6083
5445
5798
7913
5238
6436
920
5956
9547
2595
5241
7113
8232
8090
8210
6463
5460
5873
2780
8950
8389
4621
5359
1743
6027
6349
4628
5456
6646
7543
9308
4060
9932
5965
3820
8185
1797
5202
8204
95
8584
581
3744
2458
1375
3551
9291
2725
9809
8820
227
231
833
4270
1769
3907
2610
9444
6027
4948
8253
2938
9920
8032
6668
964
9270
6144
4343
6025
9188
3639
9948
135
3800
9317
5097
5616
502
6981
6108
8413
1842
3277
7199
2631
7661
9741
3662
7133
1524
8155
497
8489
5921
259
9309
4385
4658
6718
1567
4489
9631
5733
4417
6452
1341
1137
1683
9261
1063
2391
7680
9002
6509
5944
8602
5833
5667
3157
6156
5111
5722
9951
619
4372
4830
4319
5852
6897
1346
4168
5666
1771
5872
5763
137
6009
3725
777
7121
4515
8445
1360
6509
5002
739
8327
7628
9843
5884
5330
436
9943
3734
5637
78
1875
5347
3597
2508
8862
6278
3638
1131
9209
3296
1329
4489
8079
2799
7186
7032
9549
5630
7332
1666
6995
5145
6469
1591
2422
2264
6063
5208
6644
997
2290
6697
9089
4324
5475
895
7725
4599
8317
9682
1892
1495
4540
9259
3753
3317
1482
9689
649
7389
1465
9297
1073
8691
3601
4732
3179
2631
2712
6968
3639
2722
8901
648
2845
9352
1441
5313
6397
9542
3566
7332
299
7421
5951
6174
8744
6293
2489
6218
4093
3404
3718
2727
6349
8998
3482
9201
1795
3127
5330
3637
2610
6171
4279
9858
6651
3715
1903
3454
4741
2422
4040
5686
7977
1540
4816
649
3780
9414
5536
4604
1374
2376
8240
949
4639
6097
7575
8910
1763
260
8613
3434
3960
9828
4721
1741
7704
1996
5295
2849
9775
7482
1536
43
9037
1298
1208
6916
5121
3697
7987
326
4838
4292
6854
5725
5032
8943
5301
4515
4525
470
3866
6146
6061
6245
9303
873
9935
461
5875
8029
563
9665
885
8637
9846
5253
191
6563
7030
1725
7318
6759
6132
5494
7159
1210
8454
2651
2777
5843
7936
8893
710
2605
5884
1722
3521
1214
1631
2701
8659
3923
8855
1644
9906
7337
2916
5928
3945
1865
5738
6259
9220
2927
3410
2711
5733
2302
4726
1461
5458
5389
257
3236
8174
7873
7200
6448
5333
5042
3586
8786
4835
4014
3264
3606
9520
6522
2249
8826
7566
7547
2853
3485
7983
1792
9787
2452
5597
9934
3853
4711
5298
9202
8046
9324
9434
9994
1845
461
7860
6052
9496
564
6033
7271
4102
180
1535
9099
2279
5146
859
7893
2727
3563
1129
2949
386
9807
3486
8439
7310
5981
7271
7299
5611
4417
6525
6316
4290
5500
5384
7603
5288
8073
3482
1403
6020
617
9635
1520
3294
6584
2121
9063
6468
5642
5643
7990
5582
659
3297
8489
4942
5508
3540
3308
7937
4596
3471
9843
984
8068
6492
6554
941
4319
6830
2792
6836
5791
6443
1131
5565
4896
323
2247
1505
1805
7671
8385
7289
5149
9127
3810
8048
2999
3778
2120
1389
6560
7355
2229
5648
6703
6585
9193
4237
6269
5760
5027
4703
7818
4201
45
233
5167
2114
9087
5956
5541
1739
9694
8829
2584
3538
9253
9951
1484
5802
4534
7330
64
5066
6423
7071
1249
6980
5560
3427
5053
1645
4101
8843
6074
538
8195
2740
84
6638
8664
7623
4796
6094
1511
1627
3400
5836
7726
5752
1522
511
7152
557
5773
4076
665
3299
8399
2899
723
8468
4781
58
7896
6946
4283
7056
8270
2965
2955
9460
4783
4992
9681
2066
5939
9092
8432
5610
4082
8535
2407
3575
6034
8679
4082
1616
2149
9477
57
1755
8990
8337
7149
6355
1314
5475
3632
5907
642
2791
5959
4907
9298
561
3354
8699
4915
9039
2786
2958
1111
8389
846
6905
8510
7757
4739
532
5062
9092
6241
8558
6397
6379
4477
3595
8140
2961
6860
9970
1803
1183
3425
5497
7438
5337
3922
4938
6536
3033
3126
245
1411
7854
2644
4745
1035
806
5084
6793
