2000
7848
5342
1767
3922
5379
6779
9890
9005
1237
3472
2707
2440
9186
3669
3042
359
7802
2412
2693
6444
3557
3061
2239
7260
8050
4814
3358
5895
6183
8024
1228
4160
5037
1324
9808
1601
186
8631
9851
9932
6661
5827
1123
6111
8095
2637
8198
6777
2434
9865
2300
992
9403
3413
6924
4439
4387
2086
1167
4556
4940
4775
4405
5027
4514
6296
358
7776
1604
3721
3533
1087
5080
859
7333
5154
885
2981
4649
5026
3242
2836
3913
8764
6173
268
4921
612
5347
7899
9260
7820
3710
9630
999
6428
9716
2133
9801
6537
5337
9477
8693
1049
7211
72
3094
6370
5876
7473
4569
9345
9642
2919
9688
2684
9784
331
4859
614
7100
9081
4454
7904
2749
4205
1333
401
1962
6583
8479
4256
1400
4536
1774
37
5388
6371
8279
1259
4923
248
3873
273
219
7532
2403
1865
6089
6365
2538
2795
5827
8614
7538
4149
2364
1180
2820
6275
3976
2341
8078
7513
5110
8747
3801
511
6757
7846
764
7328
7910
656
7784
5884
2315
3784
5158
4055
376
5637
9226
5635
7179
7793
7607
2699
8802
6623
520
6191
6458
5158
6571
8934
1643
5110
4036
9437
7167
3567
9933
8892
6576
229
9243
826
6870
6232
6638
2591
3968
1606
6284
4005
6117
4491
8995
1715
7895
5308
7794
6805
7286
230
5784
6110
3427
3900
5856
8122
5796
5031
3904
1341
2156
9600
5736
4220
3078
4629
580
2681
7815
3410
9996
2920
5935
1971
6650
9712
5478
1177
3555
7056
7457
6650
9284
6900
6409
5129
3857
5987
3032
956
1909
6829
9210
3407
4839
7663
4461
9944
2851
9735
248
8049
9625
9837
9891
6578
7720
4063
4434
7336
472
4703
5466
6852
9047
5666
3592
8097
164
2940
8208
1378
3943
7634
1520
7119
3339
3387
6713
9283
2800
6143
2937
3278
5285
2302
6463
706
7292
9412
3606
3544
7993
3045
3558
3704
4338
3176
5744
6175
2110
8962
5541
6278
7659
7322
8903
8153
4198
7170
8912
1627
5747
2826
8196
3269
5453
483
3565
2802
3286
5608
8588
9104
4570
8443
2864
2916
2691
1925
8417
3652
2851
4876
1762
9784
4786
3892
2736
3104
3258
7155
6963
2522
9813
2928
7989
4610
3861
899
7348
7152
8092
7764
4848
1824
8805
7422
6831
6983
6696
7472
4579
8155
5775
1009
9903
8812
8886
3533
9506
7986
2958
7517
2469
954
485
7211
81
5352
4476
9200
3935
5521
868
2834
916
1286
4839
6306
8010
2503
9952
9572
5406
4700
7080
9562
3768
3812
7654
3295
3073
3789
6691
6224
3401
5679
3533
7336
1716
3135
4996
1695
8822
9790
7385
6083
8415
2856
3249
9742
1953
2641
8872
1953
2249
574
5321
3953
2818
8993
6862
1187
32
3275
1984
5166
1779
7383
5007
879
9135
7819
355
6397
603
5817
1031
4163
5124
9066
8082
7841
1437
5903
9858
5453
5270
4989
2615
6326
5417
8011
8758
7613
8662
8489
6754
4907
1962
7791
9493
981
350
7789
6560
9361
6260
2430
667
8262
7867
9197
8753
5705
3754
5396
9087
755
9922
4313
6555
3467
5193
8489
5097
6548
1317
6221
7553
5234
5119
2428
8000
8213
56
9091
7186
4319
4660
7232
2048
656
2379
2436
4514
3456
2330
3560
1533
160
9641
8831
8762
7395
4802
399
7926
9468
5043
9390
583
301
800
3306
2867
9556
9354
2999
6909
3000
1129
7289
1626
6422
5520
7560
6972
7867
7778
9192
2008
9552
4947
3980
447
2368
3202
6018
9617
6337
526
9475
3063
9722
139
782
9496
8735
2337
3325
4804
4
57
438
254
2377
1659
9226
9730
4366
2218
9253
9105
56
821
5689
1305
5887
314
7561
6013
4174
4251
3907
5799
1143
7442
711
4922
8885
5894
115
9253
7341
1179
496
6620
184
6884
8074
4189
9245
3281
1702
2434
6631
549
8065
5411
7031
6628
6129
2212
6862
7693
1905
6487
8070
3473
7989
8813
9440
5330
2681
8275
2726
1635
7640
8501
4686
8437
3519
3797
7749
596
5612
3632
6086
9842
5384
4699
6170
4533
4101
1830
6327
8292
3034
3745
1883
7205
3908
1607
8295
9715
2843
5292
16
9824
9667
5292
6996
7622
6595
3190
8270
8262
5848
9576
1583
6825
373
6428
2060
5413
8689
7035
8300
6887
4129
6656
7057
3545
9408
1919
5328
8187
7271
8362
4773
4777
7643
1484
559
8124
2180
9600
7076
8135
1999
2043
4729
1657
360
6533
5525
228
935
588
1544
2807
782
3261
6757
715
7609
1371
4846
5840
9446
5575
9540
1713
405
1247
8906
2210
953
6392
7050
9725
2263
6126
7026
9408
4085
8094
4632
6204
2249
1250
6639
5703
665
6808
662
9902
4502
1666
7450
8011
6419
8137
6287
2470
7054
2433
2415
9307
814
6693
6245
3523
5672
3650
8220
644
5173
1946
6307
312
2765
2472
2852
6021
3324
733
5224
4712
7308
7958
8521
4364
2000
5307
7347
5350
792
8730
9141
2152
9792
9884
6806
1470
9697
8051
2962
5614
2784
2549
5520
4561
2739
5879
7468
509
1841
8541
7959
6581
74
5789
1177
3920
3252
3882
4259
4178
1105
3662
4614
2458
6158
4735
1954
2145
5687
1900
8979
6955
9294
832
5013
2398
2257
2088
4395
7005
7386
4758
1857
5607
381
6593
5595
4419
3027
9233
2717
5866
78
8347
9173
5489
7138
5971
9774
1101
1101
8135
1367
8717
7303
3889
3421
1520
5059
4895
6364
9500
6616
4978
4497
2726
7632
9870
4825
5906
7911
4808
2082
2401
7286
7463
1226
7967
7377
8531
6001
2785
6042
8307
54
4722
6324
284
1786
7445
731
5086
1213
5036
4279
8639
4314
5060
6104
5381
7214
1679
5959
2835
8302
8579
4185
1318
2197
8882
8257
9959
5690
5667
1632
8947
8631
1871
3526
1087
8031
4640
9576
1551
4691
6585
9881
5823
7543
4718
1709
2671
5125
8644
9849
5124
161
4068
7401
3303
4920
3612
677
2406
1132
3430
2716
6812
211
5799
4405
2586
